Circ((3.5.6,6.21)(6.71, 5.39))
Circ((3.56,6.2.1)(6.71, 5.39))
Rect((3.56,6.21)(6.71, 5.39)(6.71, 5.39))
Rect((3.56,6.21)(6.71, 5.39)(.1, .5))

Rect(3.56,6.21)(6.71, 5.39))
Rect((3.56,6.21)(6.71, 5.39)
Rect3.56,6.21)(6.71, 5.39))
Rect((3.56,6.21)(6.71, 5.39
Rect((3.56,6.21(6.71, 5.39))

Rect((3.56,6.21)6.71, 5.39))
Rect((3.56,6.21)(6.71, 5.39)]
Rect[(3.56,6.21)(6.71, 5.39))
Rect((3.56,6.21](6.71, 5.39))
Rect((3.56,6.21)[6.71, 5.39))

Rect([3.56,6.21)(6.71, 5.39))
Rect((3.56,6.21)(6.71, 5.39])
Rect((3.56,6.21)(6.71; 5.39))
Rec((3.56,6.21)(6.71, 5.39))
rect((3.56,6.21)(6.71, 5.39))

Circ(3.56,6.21)(6.71, 5.39))
Circ((3.56,6.21)(6.71, 5.39)
Circ3.56,6.21)(6.71, 5.39))
Circ((3.56,6.21)(6.71, 5.39
Circ((3.56,6.21(6.71, 5.39))

Circ((3.56,6.21)6.71, 5.39))
Circ((3.56,6.21)(6.71, 5.39)]
Circ[(3.56,6.21)(6.71, 5.39))
Circ((3.56,6.21](6.71, 5.39))
Circ((3.56,6.21)[6.71, 5.39))

Circ([3.56,6.21)(6.71, 5.39))
Circ((3.56,6.21)(6.71, 5.39])
Circ((3.56,6.21)(6.71; 5.39))
Cir((3.56,6.21)(6.71, 5.39))
circ((3.56,6.21)(6.71, 5.39))

figaro((3.56,6.21)(6.71, 5.39))
figaro((3.56,6.21)(6.71, 5.39))
Figa((3.56,6.21)(6.71, 5.39))
Ford((3.56,6.21)(6.71, 5.39))
